mDcc = 9.3827204600000003e-01;
qD = 1.0000000000000000e+00;
betaD = 5.9837907365051990e-01;
vD = 1.7938953330545241e+08;
gammaD = 1.2481073499999999e+00;
eD = 1.1710642369121380e+00;
pDc = 7.0074033326873808e-01;
fD = 5.4142678000000003e+05;
tofD = 5.5744612384782258e-09;
thetaD = 7.8539816339750004e-02;
th = 3.9269908169875002e-02;
tofDT = 1.8469718170849868e-06;
thetaDT = 6.2831853071799948e+00;
Rsxf = 4.0000000000000000e+01;
rD = 4.0000000000000000e+01;
LDc = 2.8029613330749523e+01;
kD = 1.6772334059636162e+01;
EscrD = 0.0000000000000000e+00;
ED = 1.0482708787272602e-02;
sDT = 3.3132741229519951e+02;
