mDcc = 9.3827205e-01;
qD = 1.0000000e+00;
betaD = 5.9837907e-01;
vD = 1.7938953e+08;
gammaD = 1.2481073e+00;
eD = 1.1710642e+00;
pDc = 7.0074033e-01;
fD = 5.4142678e+05;
tofD = 5.5744612e-09;
thetaD = 7.8539816e-02;
th = 3.9269908e-02;
tofDT = 1.8469718e-06;
thetaDT = 6.2831853e+00;
Rsxf = 4.0000000e+01;
rD = 4.0000000e+01;
LDc = 2.8029613e+01;

kD   = 1.6772334e+01;
//kJDT = pD*vD*Rsxf;

EscrD = 0.0000000e+00;
ED = 1.0482709e-02;
sDT = 3.3132741e+02;
